A = [0.7115 -0.4345;
     0.4345  0.8853];
B = [0.2173;
     0.0573];
C = [0 1];
